inherited frmWordnikMain_iPhone: TfrmWordnikMain_iPhone
  ClientHeight = 460
  ClientWidth = 320
  DesignerMasterStyle = 0
  inherited Header: TToolBar
    Size.Width = 320.000000000000000000
    Size.Height = 44.000000000000000000
    inherited HeaderLabel: TLabel
      Size.Width = 320.000000000000000000
      Size.Height = 44.000000000000000000
    end
  end
  inherited Footer: TToolBar
    Position.Y = 416.000000000000000000
    Size.Width = 320.000000000000000000
    Size.Height = 44.000000000000000000
    inherited imgBotLogo: TImage
      MultiResBitmap.Height = 18
      MultiResBitmap.Width = 132
      Position.X = -32.000000000000000000
      Size.Height = 44.000000000000000000
    end
  end
  inherited FlowLayout1: TFlowLayout
    Position.Y = 44.000000000000000000
    Size.Width = 320.000000000000000000
    Size.Height = 88.000000000000000000
    inherited Label1: TLabel
      Size.Width = 111.000000000000000000
      Size.Height = 21.000000000000000000
      Size.PlatformDefault = False
    end
    inherited edtWordLookup: TEdit
      Position.X = 131.000000000000000000
      Size.Width = 134.000000000000000000
      Size.Height = 30.000000000000000000
      Size.PlatformDefault = False
    end
    inherited Button1: TButton
      Margins.Left = 5.000000000000000000
      Margins.Top = 5.000000000000000000
      Position.X = 5.000000000000000000
      Position.Y = 45.000000000000000000
      Size.Width = 73.000000000000000000
      Size.Height = 35.000000000000000000
      Size.PlatformDefault = False
    end
    inherited Button2: TButton
      Margins.Left = 5.000000000000000000
      Margins.Top = 5.000000000000000000
      Position.X = 83.000000000000000000
      Position.Y = 45.000000000000000000
      Size.Width = 73.000000000000000000
      Size.Height = 35.000000000000000000
      Size.PlatformDefault = False
    end
    inherited Button3: TButton
      Margins.Left = 5.000000000000000000
      Margins.Top = 5.000000000000000000
      Position.X = 161.000000000000000000
      Position.Y = 45.000000000000000000
      Size.Width = 73.000000000000000000
      Size.Height = 35.000000000000000000
      Size.PlatformDefault = False
    end
  end
  inherited Label2: TLabel
    Margins.Top = 2.000000000000000000
    Margins.Bottom = 2.000000000000000000
    Position.Y = 134.000000000000000000
    Size.Width = 315.000000000000000000
    TextSettings.Font.StyleExt = {00070000000000000004000000}
  end
  inherited lvDefinitions: TListView
    Size.Width = 320.000000000000000000
    Size.Height = 122.000000000000000000
    ItemAppearanceObjects.ItemObjects.Text.Font.Family = 'Tahoma'
    ItemAppearanceObjects.ItemObjects.Text.TextVertAlign = Leading
    ItemAppearanceObjects.ItemObjects.Text.Width = 289.000000000000000000
    ItemAppearanceObjects.ItemObjects.Text.Height = 44.000000000000000000
    ItemAppearanceObjects.ItemObjects.Text.PlaceOffset.X = 14.000000000000000000
    ItemAppearanceObjects.HeaderObjects.Text.Font.Family = 'Tahoma'
    ItemAppearanceObjects.HeaderObjects.Text.Font.Size = 11.000000000000000000
    ItemAppearanceObjects.HeaderObjects.Text.Font.StyleExt = {00040000000200000004000000}
  end
  inherited Label3: TLabel
    Margins.Top = 2.000000000000000000
    Margins.Bottom = 2.000000000000000000
    Position.Y = 277.000000000000000000
    Size.Width = 315.000000000000000000
    TextSettings.Font.StyleExt = {00070000000000000004000000}
  end
  inherited lvExamples: TListView
    Position.Y = 296.000000000000000000
    Size.Width = 320.000000000000000000
    Size.Height = 120.000000000000000000
    ItemAppearanceObjects.ItemObjects.Text.Font.Family = 'Tahoma'
    ItemAppearanceObjects.ItemObjects.Text.Font.Size = 11.000000000000000000
  end
end
