inherited frmWordnikMain_iPhone55in: TfrmWordnikMain_iPhone55in
  ClientHeight = 716
  ClientWidth = 414
  DesignerMasterStyle = 0
  inherited Header: TToolBar
    Size.Width = 414.000000000000000000
    Size.Height = 44.000000000000000000
    inherited HeaderLabel: TLabel
      Size.Width = 414.000000000000000000
      Size.Height = 44.000000000000000000
    end
  end
  inherited Footer: TToolBar
    Position.Y = 672.000000000000000000
    Size.Width = 414.000000000000000000
    Size.Height = 44.000000000000000000
    inherited imgBotLogo: TImage
      MultiResBitmap.Height = 18
      MultiResBitmap.Width = 132
      Position.X = 15.000000000000000000
      Size.Height = 44.000000000000000000
    end
  end
  inherited FlowLayout1: TFlowLayout
    Position.Y = 44.000000000000000000
    Size.Width = 414.000000000000000000
    Size.Height = 53.000000000000000000
    inherited Label1: TLabel
      Size.Width = 103.000000000000000000
      Size.Height = 21.000000000000000000
      Size.PlatformDefault = False
    end
    inherited edtWordLookup: TEdit
      Position.X = 123.000000000000000000
      Size.Width = 86.000000000000000000
      Size.Height = 30.000000000000000000
      Size.PlatformDefault = False
    end
    inherited Button1: TButton
      Margins.Left = 5.000000000000000000
      Margins.Top = 5.000000000000000000
      Position.X = 214.000000000000000000
      Position.Y = 5.000000000000000000
      Size.Width = 59.000000000000000000
      Size.Height = 35.000000000000000000
      Size.PlatformDefault = False
    end
    inherited Button2: TButton
      Margins.Left = 5.000000000000000000
      Margins.Top = 5.000000000000000000
      Position.X = 278.000000000000000000
      Position.Y = 5.000000000000000000
      Size.Width = 56.000000000000000000
      Size.Height = 35.000000000000000000
      Size.PlatformDefault = False
    end
    inherited Button3: TButton
      Margins.Left = 5.000000000000000000
      Margins.Top = 5.000000000000000000
      Position.X = 339.000000000000000000
      Position.Y = 5.000000000000000000
      Size.Width = 63.000000000000000000
      Size.Height = 35.000000000000000000
      Size.PlatformDefault = False
    end
  end
  inherited Label2: TLabel
    Position.Y = 102.000000000000000000
    Size.Width = 409.000000000000000000
    TextSettings.Font.StyleExt = {00070000000000000004000000}
  end
  inherited lvDefinitions: TListView
    Size.Width = 414.000000000000000000
    Size.Height = 351.000000000000000000
    ItemAppearanceObjects.ItemObjects.Text.Font.Family = 'Tahoma'
    ItemAppearanceObjects.ItemObjects.Text.Font.Size = 11.000000000000000000
    ItemAppearanceObjects.ItemObjects.Text.TextVertAlign = Leading
    ItemAppearanceObjects.ItemObjects.Text.WordWrap = True
    ItemAppearanceObjects.ItemObjects.Text.Width = 385.000000000000000000
    ItemAppearanceObjects.ItemObjects.Text.Height = 44.000000000000000000
    ItemAppearanceObjects.ItemObjects.Text.PlaceOffset.X = 14.000000000000000000
    ItemAppearanceObjects.HeaderObjects.Text.Font.StyleExt = {00040000000200000004000000}
  end
  inherited Label3: TLabel
    Position.Y = 480.000000000000000000
    Size.Width = 409.000000000000000000
    TextSettings.Font.StyleExt = {00070000000000000004000000}
  end
  inherited lvExamples: TListView
    Position.Y = 502.000000000000000000
    Size.Width = 414.000000000000000000
    Size.Height = 170.000000000000000000
    ItemAppearanceObjects.ItemObjects.Text.Font.Family = 'Tahoma'
    ItemAppearanceObjects.ItemObjects.Text.Font.Size = 11.000000000000000000
  end
end
